<!DOCTYPE HTML>
<html>
  <head>
    <meta charset="UTF-8">
    <title>Tomtom Results</title>
    <script>
      // @JSON_VAR data
      var data = {
        "program": "Tomtom",
        "version": "5.4.1",
        "release": "Sat Aug 21 19:23:23 2021 -0700",
        "cmd": [
          "tomtom", "-verbosity", "1", "-oc",
          "output/meme/all4_h3k27ac/streme_tomtom_out", "-min-overlap", "5",
          "-dist", "pearson", "-evalue", "-thresh", "1", "-no-ssc",
          "output/meme/all4_h3k27ac/streme_out/streme.xml",
          "data/external/MOTIFS.meme"
        ],
        "options": {
          "strands": "both",
          "distance_measure": "pearson",
          "threshold_type": "evalue",
          "threshold_value": 1,
          "background_source": "--query--"
        },
        "alphabet": {
          "name": "DNA",
          "like": "dna",
          "ncore": 4,
          "symbols": [
            {
              "symbol": "A",
              "name": "Adenine",
              "colour": "CC0000",
              "complement": "T"
            }, {
              "symbol": "C",
              "name": "Cytosine",
              "colour": "0000CC",
              "complement": "G"
            }, {
              "symbol": "G",
              "name": "Guanine",
              "colour": "FFB300",
              "complement": "C"
            }, {
              "symbol": "T",
              "aliases": "U",
              "name": "Thymine",
              "colour": "008000",
              "complement": "A"
            }, {
              "symbol": "N",
              "aliases": "X.",
              "name": "Any base",
              "equals": "ACGT"
            }, {
              "symbol": "V",
              "name": "Not T",
              "equals": "ACG"
            }, {
              "symbol": "H",
              "name": "Not G",
              "equals": "ACT"
            }, {
              "symbol": "D",
              "name": "Not C",
              "equals": "AGT"
            }, {
              "symbol": "B",
              "name": "Not A",
              "equals": "CGT"
            }, {
              "symbol": "M",
              "name": "Amino",
              "equals": "AC"
            }, {
              "symbol": "R",
              "name": "Purine",
              "equals": "AG"
            }, {
              "symbol": "W",
              "name": "Weak",
              "equals": "AT"
            }, {
              "symbol": "S",
              "name": "Strong",
              "equals": "CG"
            }, {
              "symbol": "Y",
              "name": "Pyrimidine",
              "equals": "CT"
            }, {
              "symbol": "K",
              "name": "Keto",
              "equals": "GT"
            }
          ]
        },
        "background": [0.25, 0.25, 0.25, 0.25],
        "query_dbs": [
          {
            "source": "output/meme/all4_h3k27ac/streme_out/streme.xml",
            "name": "streme.xml",
            "loaded": 14,
            "excluded": 0,
            "last_modified": "Mon May 23 12:36:00 2022"
          }
        ],
        "target_dbs": [
          {
            "source": "data/external/MOTIFS.meme",
            "name": "MOTIFS",
            "loaded": 1242,
            "excluded": 0,
            "last_modified": "Fri May 20 23:59:56 2022"
          }
        ],
        "queries": [
          {
            "db": 0,
            "id": "1-WRWGYAAAYA",
            "alt": "STREME-1",
            "len": 10,
            "nsites": 914,
            "evalue": "2.5e-012",
            "pwm": [
              [0.478029, 0.0118969, 0.00818104, 0.501893], 
              [0.451157, 0.179917, 0.29103, 0.0778966], 
              [0.53604, 8.15917e-05, 0.128554, 0.335325], 
              [0.254911, 8.15917e-05, 0.744913, 9.48358e-05], 
              [9.48358e-05, 0.366287, 8.15917e-05, 0.633537], 
              [0.898801, 0.101022, 8.15917e-05, 9.48358e-05], 
              [0.997854, 0.00196974, 8.15917e-05, 9.48358e-05], 
              [0.999742, 8.15917e-05, 8.15917e-05, 9.48358e-05], 
              [9.48358e-05, 0.585677, 8.15917e-05, 0.414146], 
              [0.974714, 0.00176911, 0.0234225, 9.48358e-05]
            ]
          }, {
            "db": 0,
            "id": "10-ATCTAC",
            "alt": "STREME-10",
            "len": 6,
            "nsites": 112,
            "evalue": "3.2e-002",
            "pwm": [
              [0.933681, 0.0204594, 0.0204594, 0.0254005], 
              [0.0254005, 0.0204594, 0.0204594, 0.933681], 
              [0.0254005, 0.928739, 0.0204594, 0.0254005], 
              [0.0254005, 0.0204594, 0.0204594, 0.933681], 
              [0.933681, 0.0204594, 0.0204594, 0.0254005], 
              [0.0254005, 0.928739, 0.0204594, 0.0254005]
            ]
          }, {
            "db": 0,
            "id": "11-ACATCCTG",
            "alt": "STREME-11",
            "len": 8,
            "nsites": 50,
            "evalue": "3.4e-002",
            "pwm": [
              [0.992678, 0.00229458, 0.00229458, 0.00273299], 
              [0.00273299, 0.99224, 0.00229458, 0.00273299], 
              [0.992678, 0.00229458, 0.00229458, 0.00273299], 
              [0.00273299, 0.00229458, 0.00229458, 0.992678], 
              [0.00273299, 0.99224, 0.00229458, 0.00273299], 
              [0.00273299, 0.712809, 0.281725, 0.00273299], 
              [0.00273299, 0.00229458, 0.137244, 0.85773], 
              [0.00273299, 0.00229458, 0.99224, 0.00273299]
            ]
          }, {
            "db": 0,
            "id": "12-CCCACCCCACCCC",
            "alt": "STREME-12",
            "len": 13,
            "nsites": 40,
            "evalue": "2.5e-001",
            "pwm": [
              [0.0894334, 0.819564, 0.00156247, 0.0894398], 
              [0.00179175, 0.907212, 0.0599902, 0.0310057], 
              [0.0602196, 0.819571, 0.118418, 0.00179175], 
              [0.615303, 0.0599902, 0.0307764, 0.293931], 
              [0.0310057, 0.907212, 0.0307764, 0.0310057], 
              [0.00179175, 0.96564, 0.0307764, 0.00179175], 
              [0.0310057, 0.936426, 0.00156247, 0.0310057], 
              [0.00179175, 0.96564, 0.0307764, 0.00179175], 
              [0.907441, 0.0599902, 0.0307764, 0.00179175], 
              [0.0310057, 0.644274, 0.293714, 0.0310057], 
              [0.147861, 0.731922, 0.00156247, 0.118653], 
              [0.00179175, 0.819571, 0.118418, 0.0602196], 
              [0.118647, 0.819571, 0.0599902, 0.00179175]
            ]
          }, {
            "db": 0,
            "id": "13-CCCTGCAGGCA",
            "alt": "STREME-13",
            "len": 11,
            "nsites": 47,
            "evalue": "5.0e-001",
            "pwm": [
              [0.0296801, 0.89678, 0.0581489, 0.0153912], 
              [0.0153912, 0.89085, 0.0926562, 0.00110222], 
              [0.012961, 0.813473, 0.0295679, 0.143998], 
              [0.00110222, 0.000990078, 0.0212084, 0.976699], 
              [0.115416, 0.221294, 0.647898, 0.0153912], 
              [0.16422, 0.833688, 0.000990078, 0.00110222], 
              [0.93976, 0.015279, 0.015279, 0.0296817], 
              [0.0439722, 0.000990078, 0.939647, 0.0153912], 
              [0.00110222, 0.0724379, 0.77897, 0.147491], 
              [0.00110222, 0.705077, 0.135533, 0.158288], 
              [0.968018, 0.000990078, 0.000990078, 0.0300013]
            ]
          }, {
            "db": 0,
            "id": "14-CCATAAATC",
            "alt": "STREME-14",
            "len": 9,
            "nsites": 53,
            "evalue": "7.7e-001",
            "pwm": [
              [0.0397761, 0.872081, 0.0366757, 0.0514666], 
              [0.00119093, 0.978561, 0.00104961, 0.0191978], 
              [0.953209, 0.00104961, 0.00104961, 0.0446912], 
              [0.00119093, 0.00104961, 0.0366757, 0.961083], 
              [0.768335, 0.0312711, 0.181197, 0.0191978], 
              [0.99671, 0.00104961, 0.00104961, 0.00119093], 
              [0.924659, 0.0731005, 0.00104961, 0.00119093], 
              [0.0397761, 0.00104961, 0.27127, 0.687905], 
              [0.0552232, 0.723823, 0.0273607, 0.193593]
            ]
          }, {
            "db": 0,
            "id": "2-DSCCYSRGGSH",
            "alt": "STREME-2",
            "len": 11,
            "nsites": 1030,
            "evalue": "2.3e-010",
            "pwm": [
              [0.280863, 0.0636128, 0.308957, 0.346567], 
              [0.0521009, 0.389547, 0.500247, 0.0581054], 
              [7.57618e-05, 0.986639, 0.0132094, 7.57618e-05], 
              [7.57618e-05, 0.880556, 0.0032846, 0.116084], 
              [0.0621431, 0.300944, 0.0532827, 0.58363], 
              [0.104254, 0.395746, 0.395746, 0.104254], 
              [0.58363, 0.0532827, 0.300944, 0.0621431], 
              [0.116084, 0.0032846, 0.880556, 7.57618e-05], 
              [7.57618e-05, 0.0132094, 0.986639, 7.57618e-05], 
              [0.0581054, 0.500247, 0.389547, 0.0521009], 
              [0.346567, 0.308957, 0.0636128, 0.280863]
            ]
          }, {
            "db": 0,
            "id": "3-GTAAAC",
            "alt": "STREME-3",
            "len": 6,
            "nsites": 141,
            "evalue": "1.7e-004",
            "pwm": [
              [0.0253593, 0.0204173, 0.928864, 0.0253593], 
              [0.0253593, 0.0204173, 0.0204173, 0.933806], 
              [0.933806, 0.0204173, 0.0204173, 0.0253593], 
              [0.933806, 0.0204173, 0.0204173, 0.0253593], 
              [0.933806, 0.0204173, 0.0204173, 0.0253593], 
              [0.0253593, 0.928864, 0.0204173, 0.0253593]
            ]
          }, {
            "db": 0,
            "id": "4-AGATAA",
            "alt": "STREME-4",
            "len": 6,
            "nsites": 363,
            "evalue": "1.6e-003",
            "pwm": [
              [0.934103, 0.0203178, 0.0203178, 0.0252619], 
              [0.0252619, 0.0203178, 0.929158, 0.0252619], 
              [0.934103, 0.0203178, 0.0203178, 0.0252619], 
              [0.0252619, 0.0203178, 0.0203178, 0.934103], 
              [0.934103, 0.0203178, 0.0203178, 0.0252619], 
              [0.934103, 0.0203178, 0.0203178, 0.0252619]
            ]
          }, {
            "db": 0,
            "id": "5-ATRTTTA",
            "alt": "STREME-5",
            "len": 7,
            "nsites": 724,
            "evalue": "7.7e-003",
            "pwm": [
              [0.703581, 0.000567921, 0.000567921, 0.295283], 
              [0.000698158, 0.000567921, 0.0598829, 0.938851], 
              [0.665689, 0.000567921, 0.333046, 0.000698158], 
              [0.000698158, 0.000567921, 0.000567921, 0.998166], 
              [0.000698158, 0.0805629, 0.000567921, 0.918171], 
              [0.000698158, 0.000836778, 0.104704, 0.893761], 
              [0.673588, 0.000567921, 0.325146, 0.000698158]
            ]
          }, {
            "db": 0,
            "id": "6-CTTGGC",
            "alt": "STREME-6",
            "len": 6,
            "nsites": 464,
            "evalue": "1.2e-002",
            "pwm": [
              [0.00215083, 0.993959, 0.0017393, 0.00215083], 
              [0.00215083, 0.0017393, 0.0127629, 0.983347], 
              [0.145219, 0.138573, 0.0017393, 0.714469], 
              [0.00215083, 0.0498047, 0.945894, 0.00215083], 
              [0.00215083, 0.0017393, 0.993959, 0.00215083], 
              [0.00215083, 0.993959, 0.0017393, 0.00215083]
            ]
          }, {
            "db": 0,
            "id": "7-TGTGTACACA",
            "alt": "STREME-7",
            "len": 10,
            "nsites": 57,
            "evalue": "1.5e-002",
            "pwm": [
              [0.172447, 0.0578415, 0.131193, 0.638518], 
              [0.275447, 0.00134581, 0.72164, 0.00156751], 
              [0.200228, 0.00134581, 0.00134581, 0.797079], 
              [0.00156751, 0.00134581, 0.995519, 0.00156751], 
              [0.00156751, 0.00134581, 0.00134581, 0.995741], 
              [0.995741, 0.00134581, 0.00134581, 0.00156751], 
              [0.00156751, 0.995519, 0.00134581, 0.00156751], 
              [0.797079, 0.00134581, 0.00134581, 0.200228], 
              [0.00156751, 0.72164, 0.00134581, 0.275447], 
              [0.638518, 0.131193, 0.0578415, 0.172447]
            ]
          }, {
            "db": 0,
            "id": "8-RTGASTCAY",
            "alt": "STREME-8",
            "len": 9,
            "nsites": 106,
            "evalue": "2.3e-002",
            "pwm": [
              [0.341055, 0.171144, 0.487004, 0.000795763], 
              [0.000795763, 0.0526157, 0.000685837, 0.945902], 
              [0.000795763, 0.0357171, 0.839757, 0.12373], 
              [0.997832, 0.000685837, 0.000685837, 0.000795763], 
              [0.000795763, 0.499204, 0.499204, 0.000795763], 
              [0.000795763, 0.000685837, 0.000685837, 0.997832], 
              [0.12373, 0.839757, 0.0357171, 0.000795763], 
              [0.945902, 0.000685837, 0.0526157, 0.000795763], 
              [0.000795763, 0.487004, 0.171144, 0.341055]
            ]
          }, {
            "db": 0,
            "id": "9-GATDNHATC",
            "alt": "STREME-9",
            "len": 9,
            "nsites": 195,
            "evalue": "2.5e-002",
            "pwm": [
              [0.000493778, 0.000422022, 0.99859, 0.000493778], 
              [0.998662, 0.000422022, 0.000422022, 0.000493778], 
              [0.000493778, 0.00499347, 0.000422022, 0.99409], 
              [0.375221, 0.117534, 0.256382, 0.250865], 
              [0.333029, 0.166971, 0.166971, 0.333029], 
              [0.250865, 0.256382, 0.117534, 0.375221], 
              [0.99409, 0.000422022, 0.00499347, 0.000493778], 
              [0.000493778, 0.000422022, 0.000422022, 0.998662], 
              [0.000493778, 0.99859, 0.000422022, 0.000493778]
            ]
          }
        ],
        "targets": [
          {
            "db": 0,
            "id": "ANDR_HUMAN.H11MO.0.A",
            "len": 18,
            "nsites": 499,
            "evalue": "1.0e+000",
            "url": "http://hocomoco.autosome.ru/motif/ANDR_HUMAN.H11MO.0.A",
            "pwm": [
              [0.148317, 0.0701763, 0.036115, 0.745392], 
              [0.0621619, 0.0481366, 0.777449, 0.112252], 
              [0.0681727, 0.0661691, 0.0140753, 0.851583], 
              [0.188389, 0.17236, 0.14431, 0.494941], 
              [0.0781907, 0.73337, 0.036115, 0.152324], 
              [0.12227, 0.278551, 0.0321078, 0.567071], 
              [0.180375, 0.134292, 0.196404, 0.48893], 
              [0.198407, 0.178371, 0.21644, 0.406782], 
              [0.176367, 0.192396, 0.22245, 0.408786], 
              [0.200411, 0.256512, 0.120266, 0.422811], 
              [0.0721799, 0.0140753, 0.0140753, 0.899669], 
              [0.254508, 0.0301042, 0.691294, 0.0240934], 
              [0.0281006, 0.0220898, 0.0200862, 0.929724], 
              [0.0180825, 0.00606091, 0.0982268, 0.87763], 
              [0.00806452, 0.00806452, 0.0641655, 0.919705], 
              [0.420807, 0.0281006, 0.494941, 0.0561511], 
              [0.0862052, 0.524995, 0.0481366, 0.340663], 
              [0.290573, 0.158335, 0.0541475, 0.496945]
            ]
          }, {
            "db": 0,
            "id": "AP2A_HUMAN.H11MO.0.A",
            "len": 15,
            "nsites": 500,
            "evalue": "1.0e+000",
            "url": "http://hocomoco.autosome.ru/motif/AP2A_HUMAN.H11MO.0.A",
            "pwm": [
              [0.416124, 0.185377, 0.193138, 0.205362], 
              [0.231121, 0.0911524, 0.134692, 0.543034], 
              [0.176775, 0.0944298, 0.470182, 0.258612], 
              [0.0108813, 0.520551, 0.431413, 0.0371549], 
              [4.999e-05, 0.99985, 4.999e-05, 4.999e-05], 
              [4.999e-05, 0.900843, 4.999e-05, 0.099057], 
              [0.0509783, 0.111333, 0.0128321, 0.824856], 
              [0.00188818, 4.999e-05, 0.796457, 0.201605], 
              [0.535277, 0.0386298, 0.409205, 0.0168892], 
              [0.14218, 4.999e-05, 0.855965, 0.00180471], 
              [4.999e-05, 4.999e-05, 0.99985, 4.999e-05], 
              [0.0479051, 0.556058, 0.379971, 0.0160658], 
              [0.308242, 0.38161, 0.0917715, 0.218376], 
              [0.512988, 0.0934521, 0.204267, 0.189292], 
              [0.238522, 0.148913, 0.208406, 0.404159]
            ]
          }, {
            "db": 0,
            "id": "AP2B_HUMAN.H11MO.0.B",
            "len": 10,
            "nsites": 28,
            "evalue": "1.0e+000",
            "url": "http://hocomoco.autosome.ru/motif/AP2B_HUMAN.H11MO.0.B",
            "pwm": [
              [0.0402747, 0.00088968, 0.780713, 0.178122], 
              [0.00088968, 0.646804, 0.245077, 0.107229], 
              [0.00088968, 0.961884, 0.00088968, 0.0363362], 
              [0.115106, 0.571973, 0.00088968, 0.312031], 
              [0.0757212, 0.0363362, 0.887053, 0.00088968], 
              [0.327785, 0.31597, 0.355355, 0.00088968], 
              [0.0717827, 0.0363362, 0.851606, 0.0402747], 
              [0.00088968, 0.00088968, 0.997331, 0.00088968], 
              [0.190922, 0.123968, 0.675358, 0.00975131], 
              [0.22243, 0.446925, 0.253939, 0.0767059]
            ]
          }, {
            "db": 0,
            "id": "AP2C_HUMAN.H11MO.0.A",
            "len": 14,
            "nsites": 500,
            "evalue": "1.0e+000",
            "url": "http://hocomoco.autosome.ru/motif/AP2C_HUMAN.H11MO.0.A",
            "pwm": [
              [0.3872, 0.20104, 0.269563, 0.142197], 
              [0.196086, 0.123624, 0.166417, 0.513874], 
              [0.184609, 0.0998022, 0.518376, 0.197212], 
              [0.00958288, 0.506988, 0.471848, 0.0115807], 
              [0.00385284, 0.988136, 0.0079615, 4.999e-05], 
              [0.00191784, 0.951682, 0.00239436, 0.0440054], 
              [0.0500552, 0.13189, 0.025422, 0.792633], 
              [0.0354071, 4.999e-05, 0.917075, 0.0474675], 
              [0.554976, 0.0254436, 0.415804, 0.0037759], 
              [0.0734759, 4.999e-05, 0.924454, 0.0020204], 
              [4.999e-05, 4.999e-05, 0.997967, 0.00193309], 
              [0.0289758, 0.618174, 0.340999, 0.0118516], 
              [0.313913, 0.351519, 0.0971829, 0.237385], 
              [0.42824, 0.170536, 0.24167, 0.159554]
            ]
          }, {
            "db": 0,
            "id": "ATF6A_HUMAN.H11MO.0.B",
            "len": 12,
            "nsites": 20,
            "evalue": "1.0e+000",
            "url": "http://hocomoco.autosome.ru/motif/ATF6A_HUMAN.H11MO.0.B",
            "pwm": [
              [0.184941, 0.184941, 0.582951, 0.047168], 
              [0.00124378, 0.215557, 0.322713, 0.460486], 
              [0.00124378, 0.261481, 0.598259, 0.139016], 
              [0.0930922, 0.399254, 0.460486, 0.047168], 
              [0.00124378, 0.0318599, 0.00124378, 0.965653], 
              [0.00124378, 0.047168, 0.950344, 0.00124378], 
              [0.919728, 0.047168, 0.00124378, 0.0318599], 
              [0.00124378, 0.996269, 0.00124378, 0.00124378], 
              [0.00124378, 0.00124378, 0.996269, 0.00124378], 
              [0.00124378, 0.00124378, 0.00124378, 0.996269], 
              [0.00124378, 0.0930922, 0.90442, 0.00124378], 
              [0.0930922, 0.00124378, 0.90442, 0.00124378]
            ]
          }, {
            "db": 0,
            "id": "BACH1_HUMAN.H11MO.0.A",
            "len": 13,
            "nsites": 500,
            "evalue": "1.0e+000",
            "url": "http://hocomoco.autosome.ru/motif/BACH1_HUMAN.H11MO.0.A",
            "pwm": [
              [0.0628514, 0.168181, 0.0975447, 0.671423], 
              [0.00920666, 0.066425, 0.922336, 0.00203205], 
              [0.0209144, 0.967526, 0.00397444, 0.00758555], 
              [0.0362182, 0.0795832, 0.080139, 0.80406], 
              [0.00389824, 0.0613564, 0.890887, 0.0438579], 
              [0.80282, 0.020619, 0.124523, 0.0520378], 
              [0.0133116, 0.214865, 0.763223, 0.00860036], 
              [0.00624957, 0.0361794, 0.145878, 0.811693], 
              [0.0162411, 0.943692, 0.0343167, 0.00574993], 
              [0.786281, 0.0958376, 0.0824533, 0.0354277], 
              [0.00982731, 0.334262, 0.256606, 0.399305], 
              [0.151628, 0.265556, 0.394692, 0.188124], 
              [0.105265, 0.378564, 0.372601, 0.143571]
            ]
          }, {
            "db": 0,
            "id": "BACH2_HUMAN.H11MO.0.A",
            "len": 11,
            "nsites": 500,
            "evalue": "1.0e+000",
            "url": "http://hocomoco.autosome.ru/motif/BACH2_HUMAN.H11MO.0.A",
            "pwm": [
              [0.122026, 0.0960308, 0.0680364, 0.713907], 
              [0.0140472, 0.0780344, 0.893871, 0.0140472], 
              [0.0440412, 0.923865, 0.0120476, 0.020046], 
              [0.0780344, 0.0380424, 0.00804839, 0.875875], 
              [0.0580384, 0.060038, 0.793891, 0.0880324], 
              [0.757898, 0.0380424, 0.0560388, 0.14802], 
              [0.0440412, 0.224005, 0.669916, 0.0620376], 
              [0.010048, 0.0160468, 0.00804839, 0.965857], 
              [0.060038, 0.919866, 0.0160468, 0.00404919], 
              [0.963857, 0.0120476, 0.00804839, 0.0160468], 
              [0.0560388, 0.319986, 0.212008, 0.411968]
            ]
          }, {
            "db": 0,
            "id": "BATF_HUMAN.H11MO.0.A",
            "len": 18,
            "nsites": 500,
            "evalue": "1.0e+000",
            "url": "http://hocomoco.autosome.ru/motif/BATF_HUMAN.H11MO.0.A",
            "pwm": [
              [0.45196, 0.0780344, 0.263997, 0.206009], 
              [0.0480404, 0.39997, 0.345981, 0.206009], 
              [0.0120476, 0.0180464, 0.0440412, 0.925865], 
              [0.134023, 0.327984, 0.0240452, 0.513947], 
              [0.0860328, 0.238002, 0.0520396, 0.623925], 
              [0.142022, 0.545941, 0.0460408, 0.265997], 
              [0.379974, 0.0860328, 0.395971, 0.138022], 
              [0.369976, 0.114027, 0.230004, 0.285993], 
              [0.337982, 0.0180464, 0.0840332, 0.559938], 
              [0.577934, 0.158018, 0.0220456, 0.242002], 
              [0.00204959, 0.00204959, 4.999e-05, 0.995851], 
              [0.00404919, 0.0560388, 0.84988, 0.090032], 
              [0.977854, 0.00804839, 0.0120476, 0.00204959], 
              [0.104029, 0.557938, 0.315987, 0.0220456], 
              [0.0720356, 0.030044, 0.020046, 0.877874], 
              [0.212008, 0.507948, 0.212008, 0.0680364], 
              [0.611928, 0.0840332, 0.110028, 0.194011], 
              [0.142022, 0.186013, 0.305989, 0.365977]
            ]
          }, {
            "db": 0,
            "id": "CDX1_HUMAN.H11MO.0.C",
            "len": 8,
            "nsites": 30,
            "evalue": "1.0e+000",
            "url": "http://hocomoco.autosome.ru/motif/CDX1_HUMAN.H11MO.0.C",
            "pwm": [
              [0.465232, 0.243748, 0.0490569, 0.241962], 
              [0.0329815, 0.000830565, 0.0972832, 0.868905], 
              [0.0329815, 0.000830565, 0.0329815, 0.933207], 
              [0.0651324, 0.0544154, 0.129434, 0.751018], 
              [0.804603, 0.000830565, 0.161585, 0.0329815], 
              [0.247321, 0.0937109, 0.0329815, 0.625987], 
              [0.206239, 0.000830565, 0.7921, 0.000830565], 
              [0.199987, 0.0999625, 0.339308, 0.360742]
            ]
          }, {
            "db": 0,
            "id": "ETS1_HUMAN.H11MO.0.A",
            "len": 13,
            "nsites": 500,
            "evalue": "1.0e+000",
            "url": "http://hocomoco.autosome.ru/motif/ETS1_HUMAN.H11MO.0.A",
            "pwm": [
              [0.367976, 0.178014, 0.341982, 0.112028], 
              [0.259998, 0.182014, 0.471956, 0.0860328], 
              [0.479954, 0.0680364, 0.423965, 0.0280444], 
              [0.128024, 0.637922, 0.228004, 0.00604879], 
              [0.615927, 0.34998, 0.0340432, 4.999e-05], 
              [0.00404919, 4.999e-05, 0.993851, 0.00204959], 
              [0.0120476, 0.00604879, 0.979854, 0.00204959], 
              [0.991852, 0.00604879, 4.999e-05, 0.00204959], 
              [0.827884, 0.010048, 0.00404919, 0.158018], 
              [0.184013, 0.010048, 0.805889, 4.999e-05], 
              [0.0840332, 0.188012, 0.0580384, 0.669916], 
              [0.130024, 0.112028, 0.633923, 0.124025], 
              [0.138022, 0.126025, 0.627924, 0.108028]
            ]
          }, {
            "db": 0,
            "id": "EVI1_HUMAN.H11MO.0.B",
            "len": 16,
            "nsites": 141,
            "evalue": "1.0e+000",
            "url": "http://hocomoco.autosome.ru/motif/EVI1_HUMAN.H11MO.0.B",
            "pwm": [
              [0.418856, 0.152822, 0.189342, 0.238979], 
              [0.635738, 0.0373502, 0.0836669, 0.243245], 
              [0.0210771, 0.0295676, 0.90678, 0.0425751], 
              [0.97269, 0.00605527, 0.00605527, 0.015199], 
              [0.0413238, 0.455723, 0.00605527, 0.496898], 
              [0.951791, 0.00605527, 0.0178115, 0.0243427], 
              [0.917529, 0.000177179, 0.0158246, 0.066469], 
              [0.0306562, 0.00605527, 0.962023, 0.00126572], 
              [0.966812, 0.000177179, 0.000177179, 0.0328333], 
              [0.000177179, 0.124731, 0.00540215, 0.86969], 
              [0.900141, 0.0325606, 0.000177179, 0.0671211], 
              [0.771694, 0.00932088, 0.156762, 0.0622237], 
              [0.210861, 0.183485, 0.352313, 0.253341], 
              [0.743747, 0.0920751, 0.0765375, 0.0876405], 
              [0.12933, 0.156108, 0.308176, 0.406385], 
              [0.490325, 0.119221, 0.158463, 0.231991]
            ]
          }, {
            "db": 0,
            "id": "FOSB_HUMAN.H11MO.0.A",
            "len": 9,
            "nsites": 500,
            "evalue": "1.0e+000",
            "url": "http://hocomoco.autosome.ru/motif/FOSB_HUMAN.H11MO.0.A",
            "pwm": [
              [0.413967, 0.206009, 0.291992, 0.0880324], 
              [0.010048, 0.0120476, 0.00204959, 0.975855], 
              [0.0120476, 0.0140472, 0.917866, 0.0560388], 
              [0.895871, 0.0120476, 0.0180464, 0.0740352], 
              [0.204009, 4.999e-05, 0.795891, 4.999e-05], 
              [0.0180464, 0.030044, 0.106029, 0.845881], 
              [0.0540392, 0.903869, 0.0280444, 0.0140472], 
              [0.965857, 0.010048, 0.00604879, 0.0180464], 
              [0.0720356, 0.329984, 0.230004, 0.367976]
            ]
          }, {
            "db": 0,
            "id": "FOSL1_HUMAN.H11MO.0.A",
            "len": 12,
            "nsites": 500,
            "evalue": "1.0e+000",
            "url": "http://hocomoco.autosome.ru/motif/FOSL1_HUMAN.H11MO.0.A",
            "pwm": [
              [0.19801, 0.186013, 0.405969, 0.210008], 
              [0.317986, 0.164017, 0.34798, 0.170016], 
              [0.429964, 0.269996, 0.281994, 0.0180464], 
              [4.999e-05, 4.999e-05, 0.00604879, 0.993851], 
              [4.999e-05, 0.00404919, 0.941862, 0.0540392], 
              [0.987852, 0.00204959, 0.00204959, 0.00804839], 
              [0.0780344, 4.999e-05, 0.921866, 4.999e-05], 
              [4.999e-05, 4.999e-05, 4.999e-05, 0.99985], 
              [0.0180464, 0.979854, 0.00204959, 4.999e-05], 
              [0.995851, 0.00404919, 4.999e-05, 4.999e-05], 
              [0.0220456, 0.411968, 0.162018, 0.403969], 
              [0.210008, 0.40197, 0.154019, 0.234003]
            ]
          }, {
            "db": 0,
            "id": "FOSL2_HUMAN.H11MO.0.A",
            "len": 12,
            "nsites": 500,
            "evalue": "1.0e+000",
            "url": "http://hocomoco.autosome.ru/motif/FOSL2_HUMAN.H11MO.0.A",
            "pwm": [
              [0.194011, 0.190012, 0.373975, 0.242002], 
              [0.281994, 0.134023, 0.381974, 0.20201], 
              [0.519946, 0.158018, 0.29799, 0.0240452], 
              [4.999e-05, 4.999e-05, 0.00204959, 0.99785], 
              [4.999e-05, 0.00204959, 0.957858, 0.040042], 
              [0.985853, 0.00404919, 4.999e-05, 0.010048], 
              [0.10203, 4.999e-05, 0.89787, 4.999e-05], 
              [0.00404919, 0.00404919, 0.00404919, 0.987852], 
              [0.00604879, 0.991852, 0.00204959, 4.999e-05], 
              [0.99785, 4.999e-05, 4.999e-05, 0.00204959], 
              [0.0240452, 0.35198, 0.114027, 0.509948], 
              [0.216007, 0.377974, 0.138022, 0.267996]
            ]
          }, {
            "db": 0,
            "id": "FOS_HUMAN.H11MO.0.A",
            "len": 9,
            "nsites": 500,
            "evalue": "1.0e+000",
            "url": "http://hocomoco.autosome.ru/motif/FOS_HUMAN.H11MO.0.A",
            "pwm": [
              [0.345981, 0.216007, 0.359978, 0.0780344], 
              [0.010048, 0.0180464, 0.010048, 0.961858], 
              [0.0160468, 0.0340432, 0.859878, 0.090032], 
              [0.935863, 0.00804839, 0.0280444, 0.0280444], 
              [0.116027, 4.999e-05, 0.883873, 4.999e-05], 
              [0.0220456, 0.0260448, 0.0240452, 0.927864], 
              [0.0420416, 0.933863, 0.0240452, 4.999e-05], 
              [0.959858, 0.0160468, 0.0120476, 0.0120476], 
              [0.0280444, 0.417966, 0.263997, 0.289992]
            ]
          }, {
            "db": 0,
            "id": "FOXA1_HUMAN.H11MO.0.A",
            "len": 12,
            "nsites": 500,
            "evalue": "1.0e+000",
            "url": "http://hocomoco.autosome.ru/motif/FOXA1_HUMAN.H11MO.0.A",
            "pwm": [
              [0.0160468, 4.999e-05, 4.999e-05, 0.983853], 
              [0.246001, 0.00404919, 0.7499, 4.999e-05], 
              [0.00204959, 4.999e-05, 4.999e-05, 0.99785], 
              [0.00404919, 4.999e-05, 0.0560388, 0.939862], 
              [4.999e-05, 4.999e-05, 0.144021, 0.855879], 
              [0.781894, 4.999e-05, 0.206009, 0.0120476], 
              [0.00804839, 0.79789, 0.00804839, 0.186013], 
              [0.317986, 0.138022, 0.00404919, 0.539942], 
              [0.0320436, 0.313987, 0.108028, 0.545941], 
              [0.463957, 0.020046, 0.0160468, 0.49995], 
              [0.218006, 0.0980304, 0.493951, 0.190012], 
              [0.108028, 0.259998, 0.393971, 0.238002]
            ]
          }, {
            "db": 0,
            "id": "FOXA2_HUMAN.H11MO.0.A",
            "len": 12,
            "nsites": 500,
            "evalue": "1.0e+000",
            "url": "http://hocomoco.autosome.ru/motif/FOXA2_HUMAN.H11MO.0.A",
            "pwm": [
              [0.0160468, 4.999e-05, 0.00204959, 0.981854], 
              [0.196011, 0.00204959, 0.79989, 0.00204959], 
              [4.999e-05, 0.00404919, 4.999e-05, 0.995851], 
              [0.00204959, 4.999e-05, 0.0440412, 0.953859], 
              [4.999e-05, 4.999e-05, 0.144021, 0.855879], 
              [0.757898, 4.999e-05, 0.236003, 0.00604879], 
              [0.00804839, 0.887872, 0.00204959, 0.10203], 
              [0.40197, 0.122026, 4.999e-05, 0.475955], 
              [0.0440412, 0.409968, 0.120026, 0.425965], 
              [0.563937, 0.00804839, 0.040042, 0.387972], 
              [0.190012, 0.0960308, 0.54994, 0.164017], 
              [0.128024, 0.357978, 0.281994, 0.232004]
            ]
          }, {
            "db": 0,
            "id": "FOXA3_HUMAN.H11MO.0.B",
            "len": 13,
            "nsites": 500,
            "evalue": "1.0e+000",
            "url": "http://hocomoco.autosome.ru/motif/FOXA3_HUMAN.H11MO.0.B",
            "pwm": [
              [0.158018, 0.465957, 0.216007, 0.160018], 
              [0.228004, 0.25, 0.0780344, 0.443961], 
              [0.0120476, 4.999e-05, 0.00604879, 0.981854], 
              [0.246001, 0.00804839, 0.737902, 0.00804839], 
              [0.00804839, 0.0220456, 0.0140472, 0.955859], 
              [0.00604879, 4.999e-05, 0.0360428, 0.957858], 
              [0.00804839, 4.999e-05, 0.271996, 0.719906], 
              [0.855879, 0.00604879, 0.114027, 0.0240452], 
              [0.00404919, 0.873875, 0.0220456, 0.10003], 
              [0.367976, 0.15202, 0.00804839, 0.471956], 
              [0.0940312, 0.232004, 0.106029, 0.567936], 
              [0.425965, 0.0140472, 0.0540392, 0.505949], 
              [0.154019, 0.116027, 0.577934, 0.15202]
            ]
          }, {
            "db": 0,
            "id": "FOXC1_HUMAN.H11MO.0.C",
            "len": 15,
            "nsites": 26,
            "evalue": "1.0e+000",
            "url": "http://hocomoco.autosome.ru/motif/FOXC1_HUMAN.H11MO.0.C",
            "pwm": [
              [0.135057, 0.479885, 0.173372, 0.211686], 
              [0.345785, 0.0775862, 0.345785, 0.230843], 
              [0.269157, 0.154215, 0.0775862, 0.499042], 
              [0.000957854, 0.000957854, 0.000957854, 0.997126], 
              [0.000957854, 0.000957854, 0.997126, 0.000957854], 
              [0.039272, 0.000957854, 0.000957854, 0.958812], 
              [0.039272, 0.000957854, 0.000957854, 0.958812], 
              [0.000957854, 0.000957854, 0.039272, 0.958812], 
              [0.958812, 0.000957854, 0.000957854, 0.039272], 
              [0.000957854, 0.728927, 0.000957854, 0.269157], 
              [0.230843, 0.1159, 0.000957854, 0.652299], 
              [0.000957854, 0.192529, 0.000957854, 0.805556], 
              [0.652299, 0.000957854, 0.000957854, 0.345785], 
              [0.460728, 0.192529, 0.269157, 0.0775862], 
              [0.039272, 0.269157, 0.57567, 0.1159]
            ]
          }, {
            "db": 0,
            "id": "FOXJ2_HUMAN.H11MO.0.C",
            "len": 10,
            "nsites": 41,
            "evalue": "1.0e+000",
            "url": "http://hocomoco.autosome.ru/motif/FOXJ2_HUMAN.H11MO.0.C",
            "pwm": [
              [0.000608273, 0.0242972, 0.000608273, 0.974486], 
              [0.308564, 0.000608273, 0.642841, 0.0479861], 
              [0.000608273, 0.000608273, 0.0242972, 0.974486], 
              [0.000608273, 0.000608273, 0.000608273, 0.998175], 
              [0.000608273, 0.000608273, 0.000608273, 0.998175], 
              [0.548086, 0.000608273, 0.450698, 0.000608273], 
              [0.000608273, 0.192752, 0.000608273, 0.806032], 
              [0.119053, 0.216441, 0.000608273, 0.663898], 
              [0.000608273, 0.0242972, 0.237498, 0.737597], 
              [0.465174, 0.0835195, 0.130897, 0.320409]
            ]
          }, {
            "db": 0,
            "id": "FOXJ3_HUMAN.H11MO.0.A",
            "len": 13,
            "nsites": 626,
            "evalue": "1.0e+000",
            "url": "http://hocomoco.autosome.ru/motif/FOXJ3_HUMAN.H11MO.0.A",
            "pwm": [
              [0.194105, 0.146488, 0.164704, 0.494704], 
              [3.99297e-05, 3.99297e-05, 3.99297e-05, 0.99988], 
              [0.0829617, 3.99297e-05, 0.914274, 0.00272405], 
              [0.00111358, 3.99297e-05, 3.99297e-05, 0.998807], 
              [3.99297e-05, 3.99297e-05, 3.99297e-05, 0.99988], 
              [0.00887273, 3.99297e-05, 0.175705, 0.815383], 
              [0.818151, 3.99297e-05, 0.036961, 0.144848], 
              [3.99297e-05, 0.0711412, 3.99297e-05, 0.928779], 
              [0.113304, 3.99297e-05, 0.430181, 0.456475], 
              [0.0440546, 3.99297e-05, 0.325667, 0.630238], 
              [0.0528131, 3.99297e-05, 0.0291567, 0.91799], 
              [0.00590464, 0.0101738, 0.0168448, 0.967077], 
              [0.358504, 0.0704075, 0.138476, 0.432613]
            ]
          }, {
            "db": 0,
            "id": "FOXK1_HUMAN.H11MO.0.A",
            "len": 10,
            "nsites": 500,
            "evalue": "1.0e+000",
            "url": "http://hocomoco.autosome.ru/motif/FOXK1_HUMAN.H11MO.0.A",
            "pwm": [
              [0.020046, 0.00804839, 0.010048, 0.961858], 
              [0.0760348, 0.020046, 0.895871, 0.00804839], 
              [0.00604879, 0.0860328, 0.020046, 0.887872], 
              [0.00204959, 0.010048, 0.10003, 0.887872], 
              [0.020046, 0.020046, 0.166017, 0.793891], 
              [0.491952, 0.252, 0.0620376, 0.194011], 
              [0.0240452, 0.655919, 0.040042, 0.279994], 
              [0.303989, 0.234003, 0.110028, 0.35198], 
              [0.154019, 0.212008, 0.15002, 0.483953], 
              [0.116027, 0.228004, 0.144021, 0.511948]
            ]
          }, {
            "db": 0,
            "id": "FOXM1_HUMAN.H11MO.0.A",
            "len": 12,
            "nsites": 500,
            "evalue": "1.0e+000",
            "url": "http://hocomoco.autosome.ru/motif/FOXM1_HUMAN.H11MO.0.A",
            "pwm": [
              [0.0560388, 0.0240452, 0.0340432, 0.885873], 
              [0.252, 0.0220456, 0.715907, 0.010048], 
              [0.0260448, 0.030044, 0.0560388, 0.887872], 
              [4.999e-05, 0.0680364, 0.0620376, 0.869876], 
              [0.00204959, 0.00204959, 0.0720356, 0.923865], 
              [0.319986, 0.0540392, 0.587932, 0.0380424], 
              [0.0740352, 0.745901, 0.0180464, 0.162018], 
              [0.246001, 0.160018, 0.0380424, 0.555939], 
              [0.0480404, 0.289992, 0.142022, 0.519946], 
              [0.359978, 0.0380424, 0.0280444, 0.573935], 
              [0.108028, 0.160018, 0.445961, 0.285993], 
              [0.166017, 0.341982, 0.257998, 0.234003]
            ]
          }, {
            "db": 0,
            "id": "FOXO3_HUMAN.H11MO.0.B",
            "len": 10,
            "nsites": 500,
            "evalue": "1.0e+000",
            "url": "http://hocomoco.autosome.ru/motif/FOXO3_HUMAN.H11MO.0.B",
            "pwm": [
              [0.112028, 0.393971, 0.261998, 0.232004], 
              [0.0580384, 0.365977, 0.188012, 0.387972], 
              [0.020046, 0.00604879, 4.999e-05, 0.973855], 
              [0.0520396, 0.00404919, 0.941862, 0.00204959], 
              [4.999e-05, 0.00604879, 0.00604879, 0.987852], 
              [0.00404919, 0.00204959, 0.030044, 0.963857], 
              [0.00204959, 0.010048, 0.140022, 0.84788], 
              [0.779894, 0.0580384, 0.020046, 0.142022], 
              [0.00204959, 0.861878, 0.00804839, 0.128024], 
              [0.383973, 0.259998, 0.0460408, 0.309988]
            ]
          }, {
            "db": 0,
            "id": "FOXP2_HUMAN.H11MO.0.C",
            "len": 9,
            "nsites": 500,
            "evalue": "1.0e+000",
            "url": "http://hocomoco.autosome.ru/motif/FOXP2_HUMAN.H11MO.0.C",
            "pwm": [
              [0.0720356, 0.39997, 0.216007, 0.311988], 
              [0.00604879, 0.00404919, 0.0140472, 0.975855], 
              [0.040042, 0.00804839, 0.94786, 0.00404919], 
              [0.00604879, 0.0140472, 0.0120476, 0.967856], 
              [0.00204959, 0.010048, 0.0880324, 0.89987], 
              [4.999e-05, 4.999e-05, 0.174015, 0.825885], 
              [0.787892, 0.10003, 0.0340432, 0.0780344], 
              [0.00804839, 0.7479, 0.030044, 0.214007], 
              [0.339982, 0.289992, 0.104029, 0.265997]
            ]
          }, {
            "db": 0,
            "id": "FOXQ1_HUMAN.H11MO.0.C",
            "len": 12,
            "nsites": 13,
            "evalue": "1.0e+000",
            "url": "http://hocomoco.autosome.ru/motif/FOXQ1_HUMAN.H11MO.0.C",
            "pwm": [
              [0.307252, 0.307252, 0.0782443, 0.307252], 
              [0.688931, 0.0782443, 0.230916, 0.0019084], 
              [0.0782443, 0.15458, 0.0019084, 0.765267], 
              [0.0019084, 0.0019084, 0.0019084, 0.994275], 
              [0.0019084, 0.0019084, 0.994275, 0.0019084], 
              [0.0019084, 0.0019084, 0.0019084, 0.994275], 
              [0.0019084, 0.0019084, 0.0019084, 0.994275], 
              [0.0019084, 0.0019084, 0.0019084, 0.994275], 
              [0.994275, 0.0019084, 0.0019084, 0.0019084], 
              [0.0019084, 0.0019084, 0.0782443, 0.917939], 
              [0.15458, 0.0019084, 0.230916, 0.612595], 
              [0.0019084, 0.307252, 0.0019084, 0.688931]
            ]
          }, {
            "db": 0,
            "id": "GATA1_HUMAN.H11MO.0.A",
            "len": 19,
            "nsites": 500,
            "evalue": "1.0e+000",
